start,duration,confidence
0.03718,1.90620,0.243
1.94338,1.90281,0.508
3.84619,1.90337,0.342
5.74956,1.90616,0.224
7.65572,1.90631,0.520
9.56203,1.90374,0.293
11.46577,1.89303,0.621
13.35880,1.87228,0.224
15.23108,1.85217,0.533
17.08325,1.83289,0.307
18.91613,1.81326,0.576
20.72939,1.79402,0.432
22.52341,1.76987,0.582
24.29328,1.75005,0.500
26.04333,1.72862,0.496
27.77195,1.70130,0.443
29.47325,1.69149,0.255
31.16475,1.70933,0.461
32.87408,1.34741,0.569
34.22149,1.84862,0.475
36.07010,1.92721,0.657
37.99732,2.05898,0.293
40.05629,2.12149,0.749
42.17778,2.09354,0.394
44.27132,2.06726,0.124
46.33858,2.03976,0.653
48.37834,2.01641,0.344
50.39475,1.99149,0.267
52.38624,1.96512,0.702
54.35136,1.94055,0.129
56.29192,1.95620,0.159
58.24812,2.03787,0.537
60.28599,2.07015,0.469
62.35614,2.08175,0.559
64.43789,2.11930,0.563
66.55719,2.07875,0.395
68.63594,2.00546,0.095
70.64140,2.04584,0.050
72.68723,2.07126,0.620
74.75850,2.07388,0.195
76.83238,2.09699,0.528
78.92937,2.05701,0.311
80.98638,2.07290,0.201
83.05928,2.11811,0.129
85.17740,2.11052,0.426
87.28792,2.17844,0.809
89.46636,2.27309,0.426
91.73945,2.24495,0.368
93.98440,2.20861,0.263
96.19301,2.16962,0.213
98.36263,2.13449,0.589
100.49712,2.09531,0.392
102.59243,2.05881,0.188
104.65124,2.02544,0.525
106.67668,1.97906,0.695
108.65574,1.93281,0.531
110.58855,1.89213,0.364
112.48068,1.84641,0.282
114.32708,1.83324,0.389
116.16033,1.89040,0.389
118.05072,1.99043,0.594
120.04115,2.00352,0.399
122.04467,2.01557,0.416
124.06024,2.03730,0.532
126.09755,2.03370,0.450
128.13125,2.07402,0.288
130.20527,2.04011,0.491
132.24538,1.98613,0.320
134.23152,1.91776,0.294
136.14928,1.88289,0.479
138.03217,1.89563,0.097
139.92780,2.01235,0.486
141.94015,2.08090,0.158
144.02105,2.07609,0.794
146.09714,2.07972,0.607
148.17686,1.01463,0.715
149.19149,2.06346,0.704
151.25495,2.12254,0.317
153.37748,2.14178,0.751
155.51927,2.16729,0.623
157.68655,2.09120,0.552
159.77775,2.08591,0.730
161.86366,2.11441,0.458
163.97808,2.10759,0.557
166.08567,2.09130,0.602
168.17697,2.07324,0.446
170.25021,2.04908,0.461
172.29929,2.03903,0.495
174.33832,0.50697,0.747
174.84530,2.01345,0.620
176.85875,2.00134,0.491
178.86008,1.98755,0.410
180.84763,1.96866,0.406
182.81629,1.95149,0.679
184.76778,1.93966,0.322
186.70744,1.92154,0.729
188.62898,1.91236,0.276
190.54134,1.90937,0.374
192.45072,1.90258,0.108
194.35330,1.90552,0.739
196.25882,1.90963,0.618
198.16845,1.89995,0.633
200.06840,1.89833,0.348
201.96673,1.90790,0.523
203.87463,1.90538,0.595
205.78000,1.90470,0.829
207.68470,0.95198,0.398
208.63668,1.90414,0.558
210.54082,1.90396,0.536
212.44478,1.90288,0.404
214.34766,1.90626,0.314
216.25391,1.90749,0.406
218.16140,1.90544,0.545
220.06684,1.90303,0.744
221.96987,1.91095,0.600
223.88081,1.90914,0.548
225.78996,1.90007,0.696
227.69003,1.90882,0.264
229.59885,1.90614,0.211
231.50499,1.91035,0.584
233.41534,1.89843,0.602
235.31376,1.90002,0.470
237.21378,1.90587,0.621
239.11966,1.90795,0.366
241.02760,1.90921,0.467
242.93682,1.90371,0.473
244.84052,1.90370,0.484
246.74422,1.90157,0.268
248.64579,1.90243,0.412
250.54823,1.91010,0.230
252.45832,1.90159,0.457
254.35991,1.90499,0.558
256.26490,1.91267,0.421
258.17757,1.90334,0.249
260.08091,1.89868,0.429
261.97959,1.90633,0.237
263.88592,1.90592,0.278
265.79183,1.90725,0.631
267.69908,1.90810,0.430
269.60718,1.90338,0.241
271.51056,1.89951,0.186
273.41007,1.90931,0.535
275.31938,1.90123,0.400
277.22060,1.90976,0.601
279.13036,1.90557,0.462
281.03593,1.89879,0.616
282.93472,1.90345,0.230
284.83817,1.91109,0.417
286.74926,1.90389,0.690
288.65315,1.90859,0.112
290.56174,1.90772,0.740
292.46946,1.90176,0.443
294.37122,1.89873,0.561
296.26995,1.90375,0.361
298.17370,1.90835,0.504
300.08204,1.90616,0.395
301.98820,1.90140,0.623
303.88960,1.89963,0.507
305.78923,1.90477,0.665
307.69399,1.90865,0.548
309.60264,1.90779,0.656
311.51043,1.90566,0.545
313.41610,1.89715,0.320
315.31325,1.90136,0.647
317.21461,1.90684,0.580
319.12146,1.90806,0.671
321.02952,1.90334,0.785
322.93286,1.91010,0.739
324.84296,1.90028,0.632
326.74324,1.89513,0.585
328.63837,1.91467,0.646
330.55305,1.90489,0.490
332.45793,1.91079,0.586
334.36872,1.90912,0.584
336.27784,1.90199,0.614
338.17983,1.90631,0.721
340.08614,1.89870,0.841
341.98484,1.89827,0.534
343.88311,1.90424,0.629
345.78735,1.91109,0.494
347.69845,1.91456,0.804
349.61301,1.90826,0.719
351.52127,1.89608,0.459
353.41735,1.89639,0.390
355.31374,1.90898,0.659
357.22272,1.90776,0.342
359.13048,1.90604,0.605
361.03652,1.90808,0.804
362.94461,1.89520,0.412
364.83981,1.89852,0.613
366.73833,1.90490,0.681
368.64323,1.91004,0.340
370.55327,1.90712,0.632
372.46039,1.90812,0.584
374.36851,1.90527,0.431
376.27378,1.90280,0.378
378.17658,1.91060,0.626
380.08718,1.90276,0.443
381.98993,1.90003,0.612
383.88996,1.91081,0.593
385.80077,1.90954,0.542
387.71031,1.90908,0.573
389.61939,1.88297,0.315
391.50236,1.41721,0.424
392.91957,1.90268,0.462
394.82225,1.90606,0.715
396.72831,1.90608,0.689
398.63440,1.90097,0.627
400.53536,1.90406,0.274
402.43942,1.90974,0.314
404.34916,1.93902,0.275
406.28818,1.98001,0.040
408.26818,2.02229,0.501
410.29048,2.05145,0.433
412.34192,2.00320,0.482
414.34512,1.97396,0.595
416.31908,2.08909,0.246
418.40817,2.19414,0.456
420.60231,2.13838,0.785
422.74069,2.07350,0.575
424.81419,1.95997,0.151
426.77416,1.90613,0.621
428.68029,1.94235,0.717
430.62263,1.96956,0.512
432.59219,2.02059,0.706
434.61278,2.03051,0.780
436.64329,1.93701,0.483
438.58030,1.97425,0.176
440.55455,2.00224,0.143
442.55679,1.94961,0.562
444.50640,1.96302,0.440
446.46942,2.07929,0.191
448.54871,2.13068,0.362
450.67940,2.08268,0.629
452.76208,2.01405,0.421
454.77613,1.97862,0.429
456.75475,1.90811,0.760
458.66286,1.86103,0.447
460.52389,1.89352,0.340
462.41742,1.93998,0.555
464.35740,1.98565,0.444
466.34305,2.03783,0.525
468.38087,2.08627,0.528
470.46715,2.13918,0.333
472.60633,2.21203,0.308
474.81836,2.28259,0.232
477.10095,2.32183,0.385
479.42278,2.29344,0.562
481.71622,2.21630,0.615
483.93252,2.69031,0.449
486.62283,2.02727,0.445
488.65010,1.99597,0.664
490.64607,2.06431,0.593
492.71038,2.10661,0.744
494.81699,2.11605,0.532
496.93304,2.08807,0.279
499.02111,2.04497,0.558
501.06608,2.09077,0.241
503.15685,2.14798,0.633
505.30483,2.20864,0.561
507.51347,2.23987,0.221
509.75334,2.14246,0.575
511.89580,2.07667,0.103
513.97247,2.09289,0.667
516.06536,2.12121,0.578
518.18657,2.03788,0.637
520.22445,1.94584,0.044
522.17029,1.97329,0.511
524.14358,2.00749,0.736
526.15107,2.00205,0.185
528.15312,2.01509,0.364
530.16821,2.06117,0.394
532.22938,3.11532,0.439
